
nhóm     gọi    ok   lỗi  endpoint lỗi
------------------------------------------------------------------------------
core      48    48     0  
v9        10    10     0  
v10       14    14     0  
v11        7     7     0  
v12       11    11     0  
v13       15    15     0  
v14       17    17     0  
v15       18    18     0  
v16        7     7     0  
v17        7     7     0  
v18        9     9     0  
v19        5     5     0  
v20        3     3     0  
v21        3     3     0  
v22        3     3     0  
v24        2     2     0  
v25        1     1     0  
v26        2     2     0  
v27        5     5     0  
v28        4     4     0  
v29       10    10     0  
v30        4     4     0  
v31        3     3     0  
v32        6     6     0  
v33        7     7     0  
v34        6     6     0  
v35        9     9     0  
------------------------------------------------------------------------------
TỔNG     236   236     0
